1.000000000 0.000000000 0.000000000 0.000000000 0.000000000 1.000000000 0.000000000 0.000000000 0.000000000 0.000000000 1.000000000 0.000000000
0.999998629 0.000797884 0.001461120 -0.006465957 -0.000791222 0.999989331 -0.004554377 -0.002386475 -0.001464739 0.004553215 0.999988556 0.963671744
0.999996662 -0.001448585 0.002142977 -0.002592824 0.001460050 0.999984562 -0.005358190 -0.000817564 -0.002135182 0.005361301 0.999983370 1.918573976
0.999993324 -0.002508126 0.002630942 -0.009559123 0.002511361 0.999996006 -0.001226872 -0.004740659 -0.002627855 0.001233471 0.999995768 2.852246523
0.999985754 -0.004928427 0.002052511 -0.007418063 0.004918152 0.999975502 0.004981469 -0.008475078 -0.002077011 -0.004971304 0.999985456 3.800709009
0.999963403 -0.008546270 0.000492309 -0.004349022 0.008543670 0.999950647 0.005058018 -0.005709689 -0.000535512 -0.005053626 0.999987066 4.738705635
0.999938250 -0.011111268 -0.000212830 -0.005390456 0.011111690 0.999936044 0.002088999 -0.001689567 0.000189605 -0.002091235 0.999997735 5.668728352
0.999928296 -0.011906182 -0.001309426 -0.007241007 0.011904283 0.999928117 -0.001449024 0.004020495 0.001326584 0.001433332 0.999998093 6.596826077
0.999932528 -0.011493159 -0.001656585 -0.015361318 0.011490113 0.999932230 -0.001835558 -0.002598409 0.001677569 0.001816400 0.999996960 7.521567345
0.999931157 -0.011425178 -0.002670844 -0.025573701 0.011425319 0.999934673 0.000038109 -0.001458685 0.002670234 -0.000068621 0.999996424 8.434342384
0.999934793 -0.010976271 -0.003145616 -0.034846772 0.010985149 0.999935627 0.002818927 0.001157440 0.003114473 -0.002853298 0.999991059 9.375760078
0.999927580 -0.011235934 -0.004296443 -0.041778199 0.011254963 0.999926805 0.004430688 0.003325026 0.004246347 -0.004478725 0.999980927 10.299253464
0.999910891 -0.012461090 -0.004778376 -0.046324268 0.012485692 0.999908745 0.005153905 0.006711978 0.004713716 -0.005213107 0.999975324 11.211507797
0.999901950 -0.012772082 -0.005745835 -0.052811809 0.012802283 0.999904215 0.005250027 0.008619569 0.005678230 -0.005323072 0.999969721 12.124413490
0.999892473 -0.013163843 -0.006462880 -0.058965765 0.013187904 0.999906182 0.003694436 0.014737338 0.006413642 -0.003779271 0.999972284 13.025835037
0.999881744 -0.013435209 -0.007475417 -0.078415856 0.013447582 0.999908268 0.001607216 0.020131217 0.007453137 -0.001707552 0.999970794 13.934237480
0.999845862 -0.014874402 -0.009320442 -0.081467599 0.014875674 0.999889314 0.000067186 0.027159315 0.009318410 -0.000205824 0.999956548 14.837602615
0.999832034 -0.014687810 -0.010963554 -0.096410267 0.014686411 0.999892056 -0.000208172 0.020130090 0.010965429 0.000047122 0.999939859 15.734751701
0.999837577 -0.013290833 -0.012175000 -0.122032732 0.013278762 0.999911308 -0.001071785 0.021016855 0.012188165 0.000909942 0.999925315 16.637046814
0.999832928 -0.011562872 -0.014156554 -0.134863600 0.011550609 0.999932826 -0.000947721 0.019423787 0.014166560 0.000784046 0.999899328 17.531757355
0.999808609 -0.012538265 -0.015020406 -0.158673614 0.012539516 0.999921381 -0.000010952 0.016310878 0.015019361 -0.000177399 0.999887168 18.424869537
0.999789178 -0.011995003 -0.016664192 -0.174582079 0.012019497 0.999926805 0.001370419 0.016697939 0.016646534 -0.001570425 0.999860227 19.306947708
0.999759972 -0.011705996 -0.018519839 -0.190104052 0.011738405 0.999929667 0.001642056 0.022351576 0.018499319 -0.001859055 0.999827147 20.191360474
0.999716580 -0.012900986 -0.020010706 -0.211861059 0.012939720 0.999914706 0.001807360 0.020453114 0.019985685 -0.002065780 0.999798119 21.068256378
0.999678254 -0.012850492 -0.021870490 -0.235200644 0.012870327 0.999916852 0.000766418 0.025090799 0.021858823 -0.001047652 0.999760568 21.942779541
0.999671102 -0.012533786 -0.022374479 -0.258403450 0.012569137 0.999919891 0.001440000 0.022051143 0.022354638 -0.001720754 0.999748588 22.802581787
0.999647439 -0.012448633 -0.023456462 -0.281227410 0.012527144 0.999916375 0.003203070 0.027061701 0.023414625 -0.003495783 0.999719679 23.659685135
0.999617577 -0.013561729 -0.024096902 -0.302754939 0.013713880 0.999886930 0.006160186 0.028408818 0.024010638 -0.006488292 0.999690592 24.502578735
0.999599993 -0.013330159 -0.024940534 -0.327631772 0.013524936 0.999879181 0.007657387 0.030620977 0.024835445 -0.007991645 0.999659598 25.347150803
0.999594152 -0.012753176 -0.025472641 -0.356578082 0.012916725 0.999897003 0.006266377 0.036657274 0.025390096 -0.006592857 0.999655902 26.179107666
0.999594867 -0.010829457 -0.026320137 -0.384622812 0.010933364 0.999933004 0.003807137 0.038146012 0.026277142 -0.004093364 0.999646246 26.993902206
0.999575973 -0.010748204 -0.027059490 -0.409042269 0.010810295 0.999939203 0.002149387 0.039085299 0.027034745 -0.002440997 0.999631464 27.785356522
0.999557912 -0.009835055 -0.028054787 -0.436640441 0.009885293 0.999949753 0.001652606 0.043450281 0.028037118 -0.001929205 0.999605060 28.581062317
0.999527335 -0.009652431 -0.029187102 -0.465444177 0.009689400 0.999952376 0.001125422 0.043662645 0.029174849 -0.001407695 0.999573410 29.366127014
0.999458492 -0.009854823 -0.031391598 -0.489888847 0.009876934 0.999951005 0.000549366 0.038759477 0.031384643 -0.000859122 0.999507010 30.159494400
0.999392033 -0.010140457 -0.033357851 -0.519337177 0.010164634 0.999948263 0.000555298 0.038301386 0.033350486 -0.000894031 0.999443293 30.924571991
0.999333322 -0.009714806 -0.035191134 -0.551896393 0.009770855 0.999951184 0.001421084 0.044082552 0.035175607 -0.001763984 0.999379575 31.686141968
0.999242365 -0.010273018 -0.037541192 -0.574377596 0.010423901 0.999938309 0.003825597 0.043336414 0.037499584 -0.004214023 0.999287784 32.445667267
0.999167442 -0.009232162 -0.039740067 -0.606109083 0.009444965 0.999942005 0.005170417 0.047101438 0.039690036 -0.005541456 0.999196708 33.181713104
0.999117136 -0.007970951 -0.041247215 -0.648764253 0.008200588 0.999951780 0.005401100 0.047273502 0.041202180 -0.005734583 0.999134362 33.906059265
0.999060333 -0.005294496 -0.043016024 -0.689482391 0.005509463 0.999972939 0.004880351 0.044300392 0.042989019 -0.005112761 0.999062479 34.634017944
0.998970866 -0.003777081 -0.045198929 -0.719531357 0.003971359 0.999983251 0.004209265 0.049722895 0.045182273 -0.004384434 0.998969138 35.344268799
0.998897016 -0.003358034 -0.046834342 -0.750638485 0.003596073 0.999981046 0.004999268 0.057396844 0.046816669 -0.005162175 0.998890162 36.054176331
0.998868585 -0.001944002 -0.047515579 -0.796971321 0.002280512 0.999972820 0.007028932 0.056004569 0.047500618 -0.007129339 0.998845756 36.744377136
0.998843789 0.000583841 -0.048070036 -0.830534339 -0.000218015 0.999971032 0.007615167 0.058958128 0.048073087 -0.007595881 0.998814940 37.422760010
0.998908758 0.004045653 -0.046527825 -0.874504209 -0.003800000 0.999978423 0.005366946 0.061780751 0.046548530 -0.005184284 0.998902500 38.090366364
0.998984218 0.005592130 -0.044712149 -0.909758747 -0.005480006 0.999981463 0.002629878 0.057481725 0.044726029 -0.002382184 0.998996437 38.742855072
0.999058962 0.005702278 -0.042995110 -0.934287727 -0.005684724 0.999983668 0.000530538 0.065139778 0.042997431 -0.000285624 0.999075115 39.390716553
0.999183536 0.006744137 -0.039833732 -0.964902639 -0.006685246 0.999976277 0.001611434 0.064418182 0.039843671 -0.001343820 0.999204993 40.028656006
0.999269664 0.011567879 -0.036416907 -0.998498321 -0.011414962 0.999925196 0.004404242 0.065619811 0.036465131 -0.003985328 0.999327004 40.667484283
0.999333858 0.015914403 -0.032842491 -1.020355463 -0.015678968 0.999849617 0.007413702 0.071904689 0.032955527 -0.006893827 0.999433041 41.303375244
0.999372900 0.020806881 -0.028651003 -1.043181300 -0.020575190 0.999753416 0.008357788 0.076048702 0.028817827 -0.007763046 0.999554574 41.911388397
0.999424577 0.024576629 -0.023382287 -1.063860059 -0.024379015 0.999664962 0.008699425 0.082268506 0.023588253 -0.008124380 0.999688804 42.494747162
0.999450326 0.028435368 -0.017040329 -1.090662599 -0.028256018 0.999543726 0.010674989 0.088226914 0.017336097 -0.010187630 0.999797881 43.066905975
0.999381363 0.033458728 -0.010835901 -1.092404723 -0.033328880 0.999373019 0.011949772 0.084744126 0.011228934 -0.011581230 0.999869823 43.615768433
0.999316096 0.036787890 -0.003738215 -1.099106073 -0.036742404 0.999257684 0.011583943 0.088112563 0.004161588 -0.011438670 0.999925911 44.147048950
0.999185383 0.040220335 0.003293612 -1.098106027 -0.040256687 0.999119282 0.011834924 0.088544846 -0.002814706 -0.011957873 0.999924541 44.657901764
0.998959661 0.044273656 0.010923449 -1.098487139 -0.044395946 0.998951077 0.011219496 0.094244719 -0.010415260 -0.011692781 0.999877393 45.156120300
0.998658419 0.048296817 0.018673457 -1.096443176 -0.048459549 0.998790145 0.008362394 0.098958820 -0.018246988 -0.009256080 0.999790668 45.625007629
0.998358309 0.050695036 0.026658786 -1.086531401 -0.050860211 0.998690307 0.005554128 0.094970092 -0.026342304 -0.006900881 0.999629140 46.081581116
0.998089254 0.051168341 0.034632981 -1.071816921 -0.051377971 0.998665869 0.005189647 0.099009380 -0.034321226 -0.006959104 0.999386609 46.510028839
0.997828305 0.050401546 0.042407341 -1.047256470 -0.050726756 0.998690546 0.006627238 0.099263117 -0.042017788 -0.008764032 0.999078453 46.908191681
0.997364581 0.052214034 0.050375320 -1.024581671 -0.052645843 0.998586714 0.007282431 0.102170050 -0.049923874 -0.009915289 0.998703718 47.297107697
0.996713877 0.055184230 0.059296682 -1.012443304 -0.055726085 0.998417735 0.007522175 0.100267529 -0.058787759 -0.010801829 0.998211980 47.654102325
0.995908737 0.059982542 0.067585088 -0.981688738 -0.060587838 0.998138726 0.006940322 0.100907475 -0.067042992 -0.011006763 0.997689366 47.980087280
0.994986951 0.063972861 0.076866277 -0.964413643 -0.064706102 0.997879207 0.007084235 0.099674761 -0.076250054 -0.012022438 0.997016191 48.278079987
0.994257331 0.063152231 0.086395331 -0.937570572 -0.064059034 0.997915864 0.007761390 0.098618329 -0.085725121 -0.013251219 0.996230602 48.564334869
0.993376672 0.061925817 0.096788034 -0.896348953 -0.062782608 0.998010159 0.005829041 0.099120528 -0.096234471 -0.011867037 0.995287955 48.841571808
0.992230833 0.060515162 0.108701155 -0.862668991 -0.061041698 0.998134196 0.001519889 0.093948059 -0.108406350 -0.008143383 0.994073331 49.096004486
0.990631521 0.061527278 0.121915914 -0.820541382 -0.061652720 0.998093843 -0.002746722 0.097294271 -0.121852525 -0.004795457 0.992536604 49.362873077
0.988501847 0.063031584 0.137444764 -0.780753136 -0.062948242 0.998004496 -0.004957229 0.095592305 -0.137482941 -0.003751677 0.990497053 49.623012543
0.986009300 0.064860463 0.153554723 -0.731019974 -0.064667776 0.997887194 -0.006254719 0.092171729 -0.153636023 -0.003762830 0.988120258 49.876483917
0.983208477 0.065377660 0.170373425 -0.675284386 -0.065060817 0.997853458 -0.007448318 0.091247469 -0.170494676 -0.003761386 0.985351384 50.134956360
0.979920089 0.064419866 0.188697219 -0.619219780 -0.063897192 0.997917175 -0.008858432 0.092762977 -0.188874885 -0.003376666 0.981995285 50.389400482
0.976011992 0.063780390 0.208165437 -0.552106857 -0.063286431 0.997954488 -0.009039070 0.088107437 -0.208316147 -0.004351807 0.978051901 50.640068054
0.971567154 0.063728139 0.228026539 -0.473074913 -0.063084535 0.997956872 -0.010117644 0.083460808 -0.228205442 -0.004554978 0.973602295 50.871437073
0.966283202 0.065985911 0.248882845 -0.395466805 -0.064930394 0.997812092 -0.012457194 0.081323564 -0.249160305 -0.004122886 0.968453407 51.103660583
0.960016191 0.067271441 0.271741927 -0.313921928 -0.065804608 0.997726858 -0.014517650 0.075953484 -0.272100866 -0.003944695 0.962260604 51.350364685
0.952734590 0.068812110 0.295908153 -0.217636108 -0.067196876 0.997617185 -0.015637835 0.068447173 -0.296279103 -0.004985397 0.955088317 51.586963654
0.944201171 0.071586736 0.321495682 -0.120221138 -0.069994166 0.997410536 -0.016525174 0.061119139 -0.321846128 -0.006899735 0.946766794 51.822040558
0.934356451 0.073565692 0.348663300 -0.011175156 -0.071958169 0.997252762 -0.017578568 0.052823722 -0.348998606 -0.008664523 0.937083125 52.057437897
0.923120260 0.074250832 0.377274066 0.106243134 -0.072417445 0.997192264 -0.019063920 0.046376824 -0.377630264 -0.009722937 0.925905406 52.296031952
0.910541475 0.072264895 0.407052785 0.251956940 -0.069652483 0.997344911 -0.021254092 0.038733006 -0.407507926 -0.008999509 0.913157225 52.537158966
0.895576715 0.069827214 0.439393312 0.395246506 -0.065980613 0.997531235 -0.024042487 0.032040358 -0.439987302 -0.007459549 0.897973001 52.762275696
0.878314376 0.068972602 0.473081887 0.553306580 -0.063159928 0.997605443 -0.028183589 0.021061420 -0.473892927 -0.005125767 0.880567491 52.981391907
0.858801007 0.070978783 0.507368505 0.715890884 -0.062675782 0.997473121 -0.033453796 0.015950441 -0.508460939 -0.003069564 0.861079574 53.202129364
0.837062299 0.072849043 0.542235732 0.903987885 -0.062184531 0.997341216 -0.037996419 0.006635070 -0.543561935 -0.001913301 0.839366913 53.428871155
0.812500954 0.075549223 0.578043640 1.098514557 -0.063009731 0.997138917 -0.041757435 -0.002730966 -0.579544663 -0.002494420 0.814936697 53.653453827
0.784909248 0.079567753 0.614480615 1.307205200 -0.066015683 0.996814728 -0.044749957 -0.014036655 -0.616083920 -0.005440700 0.787661791 53.884300232
0.754954219 0.084077619 0.650365353 1.534603119 -0.069882855 0.996414423 -0.047692887 -0.029127955 -0.652043402 -0.009443451 0.758122861 54.114597321
0.721901774 0.084970690 0.686758876 1.791835785 -0.069373176 0.996319413 -0.050348587 -0.048341274 -0.688509345 -0.011295911 0.725139499 54.349033356
0.685281336 0.082525380 0.723587632 2.077388763 -0.065813750 0.996511161 -0.051322773 -0.068470001 -0.725298584 -0.012451479 0.688321829 54.575851440
0.646100700 0.080730982 0.758970618 2.364080429 -0.062641323 0.996644437 -0.052686468 -0.093429685 -0.760677338 -0.013502152 0.648989737 54.780654907
0.603497624 0.080104098 0.793330967 2.696475983 -0.060597993 0.996671200 -0.054538023 -0.114689231 -0.795058846 -0.015160693 0.606342733 54.999778748
0.557147563 0.080262229 0.826525509 3.055351257 -0.057288188 0.996661782 -0.058166757 -0.130950212 -0.828435063 -0.014942692 0.559885740 55.211700439
0.508437455 0.078834958 0.857482672 3.424688339 -0.053936869 0.996760607 -0.059658416 -0.157719851 -0.859408081 -0.015917361 0.511042476 55.402858734
0.459999293 0.077236719 0.884553611 3.855665207 -0.052241776 0.996837974 -0.059873495 -0.177268267 -0.886381090 -0.018668884 0.462579757 55.590404510
0.410858661 0.074885376 0.908618331 4.291912079 -0.051260065 0.996941805 -0.058985963 -0.198591709 -0.910256863 -0.022340944 0.413440824 55.751522064
0.360244632 0.074794732 0.929854512 4.751373291 -0.054404277 0.996768415 -0.059099767 -0.218131900 -0.931270003 -0.029297693 0.363149613 55.917129517
0.310908079 0.075486690 0.947437525 5.216880798 -0.052748088 0.996675074 -0.062100030 -0.238880277 -0.948975146 -0.030668119 0.313856065 56.045963287
0.263328254 0.071705222 0.962037742 5.695797920 -0.042116825 0.997137487 -0.062793203 -0.281043172 -0.963786423 -0.023982752 0.265594453 56.137283325
0.219243944 0.066117890 0.973427176 6.207562447 -0.028498096 0.997709513 -0.061348606 -0.302917838 -0.975253820 -0.014290511 0.220626011 56.211029053
0.177352071 0.064866647 0.982007384 6.712249756 -0.019155405 0.997863948 -0.062454559 -0.332634568 -0.983961046 -0.007734306 0.178215742 56.258197784
0.138541594 0.066547409 0.988118231 7.263441563 -0.015895378 0.997760773 -0.064968161 -0.354630291 -0.990229070 -0.006705724 0.139289185 56.326469421
0.106141664 0.067275673 0.992072523 7.770878315 -0.007582334 0.997734308 -0.066848367 -0.391292691 -0.994322121 -0.000426827 0.106411286 56.339191437
0.077088341 0.065620452 0.994862437 8.333688736 -0.000184404 0.997832716 -0.065802082 -0.425937146 -0.997024298 0.004889117 0.076933354 56.361202240
0.052086879 0.063617468 0.996614218 8.898461342 0.006114604 0.997929692 -0.064021029 -0.465334415 -0.998623848 0.009428559 0.051590059 56.372398376
0.032100193 0.062718138 0.997514963 9.479405403 0.011366898 0.997941792 -0.063110769 -0.488953710 -0.999419987 0.013364520 0.031321235 56.375015259
0.016268473 0.064988896 0.997753382 10.061431885 0.014235494 0.997769237 -0.065222025 -0.512696505 -0.999766290 0.015264573 0.015307033 56.370445251
0.002868542 0.064960331 0.997883797 10.654910088 0.014980854 0.997773111 -0.064996190 -0.542356253 -0.999883592 0.015135593 0.001888995 56.365100861
-0.009030068 0.065568238 0.997807205 11.266839027 0.015489584 0.997737348 -0.065423466 -0.584533274 -0.999839246 0.014864837 -0.010025262 56.362396240
-0.017674867 0.068169393 0.997517228 11.892633438 0.020467823 0.997488618 -0.067804769 -0.624723136 -0.999634206 0.019218568 -0.019025754 56.335166931
-0.024313889 0.070238791 0.997233868 12.521342278 0.024426647 0.997272670 -0.069645971 -0.657009482 -0.999405921 0.022665709 -0.025963277 56.310756683
-0.028740006 0.069731236 0.997151732 13.161142349 0.025180548 0.997297704 -0.069015674 -0.688100338 -0.999269724 0.023125315 -0.030418217 56.289733887
-0.032600492 0.066970296 0.997222304 13.811487198 0.022567332 0.997547507 -0.066254392 -0.723579586 -0.999213696 0.020344716 -0.034031883 56.273864746
-0.035317890 0.059937775 0.997577131 14.503034592 0.020673340 0.998030126 -0.059233077 -0.765394807 -0.999162257 0.018531265 -0.036487430 56.270874023
-0.036408823 0.054606505 0.997843862 15.215005875 0.021922145 0.998309255 -0.053832080 -0.797469318 -0.999096513 0.019914923 -0.037544355 56.233222961
-0.036761824 0.051872738 0.997976780 15.903072357 0.024480011 0.998398960 -0.050992917 -0.832951128 -0.999024212 0.022555893 -0.037972804 56.203750610
-0.036545441 0.053977098 0.997873247 16.591545105 0.027956314 0.998204589 -0.052971181 -0.873628974 -0.998940885 0.025961004 -0.037988830 56.172210693
-0.035667725 0.061369114 0.997477651 17.300319672 0.028842032 0.997760117 -0.060355168 -0.902892590 -0.998947382 0.026616555 -0.037357852 56.149841309
-0.033447813 0.069482960 0.997022271 18.004497528 0.029838288 0.997205138 -0.068494692 -0.937317252 -0.998995066 0.027458441 -0.035427585 56.131843567
-0.031244207 0.070376329 0.997031212 18.757560730 0.030512452 0.997120261 -0.069426470 -0.972964764 -0.999045908 0.028252693 -0.033301596 56.095954895
-0.029144229 0.066057630 0.997390151 19.487489700 0.029780908 0.997428358 -0.065189958 -1.014119744 -0.999131501 0.027803272 -0.031036543 56.081134796
-0.026810212 0.059536777 0.997865975 20.229295731 0.029164068 0.997846484 -0.058752045 -1.059754848 -0.999215007 0.027526677 -0.028488813 56.064006805
-0.023499064 0.057828449 0.998049915 20.967977524 0.027494682 0.997985363 -0.057177335 -1.102324843 -0.999345720 0.026097456 -0.025041698 56.047374725
-0.019815125 0.063222475 0.997802794 21.693796158 0.035337850 0.997419417 -0.062496427 -1.144840360 -0.999178946 0.034021832 -0.021998139 56.021610260
-0.017386794 0.068873510 0.997473896 22.445425034 0.036980268 0.996986389 -0.068195239 -1.186735630 -0.999164760 0.035701152 -0.019881355 56.015911102
-0.014864293 0.069458604 0.997474074 23.178922653 0.030963784 0.997137785 -0.068973772 -1.226795077 -0.999409974 0.029860320 -0.016972451 56.019237518
-0.011501953 0.065869182 0.997762024 23.916818619 0.026529150 0.997496784 -0.065545864 -1.270869851 -0.999581873 0.025715863 -0.013220614 56.016540527
-0.006449317 0.061880700 0.998062789 24.655563354 0.030521452 0.997630596 -0.061656691 -1.326454520 -0.999513328 0.030064678 -0.008322724 56.008762360
-0.003509832 0.063251987 0.997991383 25.413099289 0.034925114 0.997396469 -0.063091442 -1.369943857 -0.999383748 0.034633525 -0.005709777 56.004920959
-0.000675471 0.067912824 0.997691035 26.158134460 0.034706723 0.997091711 -0.067848526 -1.411436439 -0.999397337 0.034580752 -0.003030538 56.005847931
0.003326055 0.068783492 0.997626066 26.899950027 0.030912623 0.997147739 -0.068853572 -1.454204440 -0.999516547 0.031068249 0.001190290 56.019042969
0.006730120 0.068243235 0.997646034 27.643966675 0.030409668 0.997193277 -0.068417408 -1.499041677 -0.999514818 0.030798547 0.004635976 56.031387329
0.010539243 0.065163665 0.997818947 28.393016815 0.034058340 0.997271955 -0.065487675 -1.549904108 -0.999364257 0.034674238 0.008291126 56.027904510
0.014375119 0.065678403 0.997737288 29.141231537 0.038593382 0.997060418 -0.066189885 -1.596817255 -0.999151528 0.039457541 0.011798110 56.029560089
0.017834863 0.066832870 0.997604787 29.888950348 0.041526258 0.996852994 -0.067524903 -1.641783714 -0.998978198 0.042631093 0.015003420 56.043552399
0.020757359 0.066554040 0.997566879 30.626235962 0.041591693 0.996860623 -0.067372352 -1.689989090 -0.998919070 0.042888965 0.017924098 56.056480408
0.023684708 0.064791903 0.997617662 31.381097794 0.042996023 0.996908247 -0.065766610 -1.743164062 -0.998794436 0.044451255 0.020825688 56.083400726
0.027188383 0.064175464 0.997568130 32.127147675 0.045080058 0.996843100 -0.065357447 -1.784901619 -0.998613238 0.046747394 0.024209520 56.107154846
0.029871024 0.064297259 0.997483611 32.882797241 0.043435089 0.996902823 -0.065560549 -1.833031178 -0.998609602 0.045284156 0.026985751 56.135105133
0.033364680 0.066206768 0.997247934 33.642852783 0.040702209 0.996885717 -0.067544490 -1.876080275 -0.998614132 0.042843796 0.030566009 56.159446716
0.035865966 0.066551067 0.997138262 34.392471313 0.042098846 0.996793807 -0.068042330 -1.919963837 -0.998469472 0.044418771 0.032949250 56.200042725
0.038810916 0.065809064 0.997077107 35.151832581 0.040476434 0.996906459 -0.067373328 -1.971298456 -0.998426437 0.042972963 0.036027126 56.219749451
0.041343965 0.066240847 0.996946692 35.911701202 0.038744431 0.996943176 -0.067847356 -2.015558720 -0.998393476 0.041431215 0.038651116 56.254016876
0.043972634 0.065950491 0.996853530 36.664237976 0.036097743 0.997062147 -0.067556627 -2.069015503 -0.998380423 0.038954806 0.041462783 56.297340393
0.047084440 0.068167284 0.996562243 37.437755585 0.034363478 0.996967554 -0.069818586 -2.114032745 -0.998299599 0.037532713 0.044599190 56.341087341
0.050014056 0.071649365 0.996175170 38.204444885 0.032982733 0.996760905 -0.073347427 -2.169557333 -0.998203754 0.036524978 0.047488861 56.396045685
0.053607732 0.073402271 0.995860577 38.966670990 0.033252899 0.996610284 -0.075247534 -2.224326611 -0.998008192 0.037149105 0.050985184 56.429267883
0.056405611 0.076006785 0.995510638 39.739810944 0.027342638 0.996606469 -0.077639684 -2.269340992 -0.998033464 0.031599205 0.054135978 56.485038757
0.059211992 0.074992545 0.995424509 40.519145966 0.023617188 0.996789753 -0.076500244 -2.323916435 -0.997965991 0.028038861 0.057250798 56.541244507
0.062707856 0.075461917 0.995174885 41.294654846 0.025786689 0.996681929 -0.077201061 -2.381504297 -0.997698665 0.030503381 0.060553871 56.597084045
0.066793308 0.076931328 0.994796574 42.068099976 0.024967214 0.996582031 -0.078745753 -2.433044434 -0.997454405 0.030096985 0.064644255 56.641948700
0.070654325 0.078061499 0.994441748 42.853076935 0.021235470 0.996589601 -0.079738863 -2.485328197 -0.997274756 0.026751334 0.068755716 56.707130432
0.075048305 0.075939268 0.994284213 43.644367218 0.020459522 0.996768832 -0.077673331 -2.540742397 -0.996969938 0.026171826 0.073252156 56.770263672
0.078983337 0.075703494 0.993997276 44.448989868 0.019851705 0.996795177 -0.077493988 -2.608139038 -0.996678293 0.025853276 0.077227347 56.852386475
0.084466912 0.079479218 0.993251443 45.240505219 0.016667493 0.996561587 -0.081161506 -2.660232544 -0.996286869 0.023410469 0.082851745 56.911170959
0.090362296 0.088266827 0.991989732 46.029850006 0.014523715 0.995841980 -0.089932591 -2.718570471 -0.995803058 0.022533892 0.088704608 56.992088318
0.098023713 0.093025960 0.990826726 46.831295013 0.013571315 0.995404065 -0.094798326 -2.781591177 -0.995091558 0.022739310 0.096310690 57.074596405
0.105043903 0.096119776 0.989811599 47.628269196 0.008582154 0.995193303 -0.097553194 -2.849094868 -0.994430482 0.018742083 0.103714079 57.171356201
0.111954726 0.094013341 0.989256084 48.433036804 0.005298187 0.995444000 -0.095201001 -2.922340155 -0.993699312 0.015899470 0.110946551 57.275791168
0.119204149 0.092740558 0.988528967 49.241630554 0.005176822 0.995556474 -0.094024129 -2.988326073 -0.992856383 0.016325502 0.118194349 57.384849548
0.127004102 0.089012653 0.987900138 50.067596436 0.004953254 0.995895982 -0.090369880 -3.059129953 -0.991889894 0.016370669 0.126041979 57.494522095
0.134438425 0.083859645 0.987367094 50.875183105 0.002688276 0.996378183 -0.084990993 -3.124364376 -0.990918279 0.014080371 0.133726045 57.609680176
0.141679317 0.076355018 0.986963451 51.689376831 0.000176064 0.997018933 -0.077158198 -3.186537743 -0.989912629 0.011105491 0.141243488 57.731422424
0.148832425 0.073569685 0.986121833 52.496128082 -0.000586538 0.997235000 -0.074310236 -3.259369850 -0.988862216 0.010481378 0.148464054 57.860927582
0.156095400 0.075242609 0.984871924 53.297260284 -0.000861277 0.997104287 -0.076040648 -3.321655273 -0.987741649 0.011021347 0.155708194 57.994575500
0.161700010 0.081774548 0.983445942 54.076000214 0.000048610 0.996560156 -0.082872994 -3.378672123 -0.986839950 0.013448371 0.161139831 58.125915527
0.167428672 0.086179808 0.982110322 54.856246948 -0.001232790 0.996189654 -0.087205105 -3.426100254 -0.985883415 0.013389897 0.166896954 58.257263184
0.171897262 0.088686071 0.981114686 55.619911194 -0.002841429 0.995979905 -0.089531951 -3.501523495 -0.985110760 0.012602528 0.171458215 58.406745911
0.177102461 0.087623201 0.980284095 56.391185760 -0.005585916 0.996102333 -0.088027954 -3.576191902 -0.984176517 0.010114180 0.176901624 58.558063507
0.182154164 0.085082650 0.979581952 57.171478271 -0.002144979 0.996281147 -0.086134247 -3.641981840 -0.983267665 0.013588528 0.181659296 58.702629089
0.186658919 0.078667499 0.979270041 57.931434631 -0.000969616 0.996803045 -0.079891160 -3.695135593 -0.982424319 0.013962885 0.186138481 58.849945068
0.190052956 0.072671294 0.979080617 58.680904388 -0.002961842 0.997294486 -0.073448293 -3.754031181 -0.981769443 0.011059184 0.189754009 58.998294830
0.193245798 0.069132045 0.978711784 59.418140411 -0.006501006 0.997582912 -0.069181398 -3.813420773 -0.981128812 0.007006402 0.193228126 59.156761169
0.196613371 0.069005772 0.978049815 60.147262573 -0.008322265 0.997601748 -0.068712264 -3.866368294 -0.980445802 0.005370161 0.196716145 59.305412292
0.198688835 0.071203493 0.977472782 60.875205994 -0.009874542 0.997452140 -0.070651717 -3.915444851 -0.980012894 0.004385612 0.198885739 59.462448120
0.200338185 0.075481161 0.976814806 61.575969696 -0.014192617 0.997146785 -0.074141443 -3.969346046 -0.979623973 0.000989807 0.200837865 59.614738464
0.202073574 0.079581551 0.976131678 62.264163971 -0.015396809 0.996828079 -0.078081511 -4.021275043 -0.979249299 0.000748898 0.202657908 59.769657135
0.203959242 0.085037172 0.975279152 62.944843292 -0.015379191 0.996375620 -0.083660401 -4.072190762 -0.978858531 0.002064305 0.204527810 59.923519135
0.205655217 0.086976446 0.974751711 63.624015808 -0.014972621 0.996205688 -0.085731804 -4.130294800 -0.978509963 0.003036608 0.206177190 60.069549561
0.207004473 0.086382441 0.974518955 64.292495728 -0.016648090 0.996261120 -0.084773347 -4.185274124 -0.978198349 0.001324583 0.207668602 60.214256287
0.207889512 0.083652884 0.974568665 64.960502625 -0.017078526 0.996494889 -0.081891850 -4.242549896 -0.978003204 0.000380259 0.208589464 60.363300323
0.208617330 0.081178628 0.974622369 65.615562439 -0.017126946 0.996699572 -0.079351462 -4.296173573 -0.977847338 -0.000138214 0.209319159 60.503684998
0.208782375 0.079706810 0.974708498 66.263549805 -0.016007464 0.996818125 -0.078086026 -4.350290298 -0.977831066 0.000700373 0.209393948 60.641868591
0.206342831 0.079584725 0.975237906 66.894912720 -0.016589325 0.996828020 -0.077836603 -4.394777298 -0.978339136 -0.000117515 0.207008600 60.791843414
0.205487728 0.079809591 0.975400090 67.517425537 -0.017672781 0.996809423 -0.077838227 -4.453290939 -0.978500128 -0.001243232 0.206242532 60.914031982
0.202835813 0.082878381 0.975699067 68.129066467 -0.018328361 0.996558487 -0.080839977 -4.500932693 -0.979041219 -0.001485720 0.203656808 61.055046082
0.200521424 0.086616933 0.975852668 68.727264404 -0.016344771 0.996241152 -0.085068017 -4.551409721 -0.979553044 0.001107869 0.201183394 61.178306580
0.198944703 0.087398455 0.976105809 69.332603455 -0.014076486 0.996167421 -0.086325750 -4.597839355 -0.979909658 0.003433911 0.199412495 61.302551270
0.197135702 0.086466633 0.976555645 69.920219421 -0.014714548 0.996251762 -0.085240163 -4.641677856 -0.980265737 0.002434301 0.197669104 61.415004730
0.194434613 0.083457373 0.977358699 70.507270813 -0.015338821 0.996510804 -0.082041293 -4.693953991 -0.980795681 0.000960136 0.195036322 61.542091370
0.192361534 0.079437457 0.978103697 71.084968567 -0.014744981 0.996839583 -0.078059256 -4.744702339 -0.981213450 0.000593479 0.192924917 61.658298492
0.190627977 0.078529701 0.978516221 71.640480042 -0.011164207 0.996904075 -0.077830464 -4.791407108 -0.981598854 0.003912306 0.190914527 61.758663177
0.188886240 0.080237485 0.978715360 72.195312500 -0.007574352 0.996745706 -0.080253832 -4.836031914 -0.981969774 0.007745711 0.188879311 61.863864899
0.186250612 0.082194723 0.979058027 72.736518860 -0.003929878 0.996548772 -0.082915507 -4.876408577 -0.982494414 0.011595489 0.185930818 61.962753296
0.184829876 0.084174089 0.979159176 73.285171509 -0.004269534 0.996384621 -0.084848955 -4.916394234 -0.982761264 0.011502068 0.184521019 62.063301086
0.183308005 0.086660370 0.979228318 73.828834534 -0.004562799 0.996171117 -0.087305628 -4.960657120 -0.983044922 0.011535799 0.183001563 62.173072815
0.182699800 0.084891111 0.979497015 74.381408691 -0.002700265 0.996304929 -0.085844152 -5.008786201 -0.983165026 0.013038810 0.182253957 62.264308929
0.183123335 0.083595574 0.979529262 74.927116394 0.003227385 0.996321619 -0.085632026 -5.051017761 -0.983084619 0.018842543 0.182179928 62.366836548
0.184985325 0.081789561 0.979331851 75.469024658 0.007807387 0.996377051 -0.084687822 -5.092389107 -0.982710242 0.023312028 0.183676541 62.464363098
0.187532380 0.080896452 0.978921413 76.026977539 0.011168411 0.996362805 -0.084477313 -5.131983757 -0.982194841 0.026775226 0.185946807 62.555629730
0.191079840 0.080767974 0.978245854 76.584663391 0.008302503 0.996440291 -0.083891883 -5.177749634 -0.981539369 0.024151940 0.189729065 62.666946411
0.196231440 0.081401058 0.977173030 77.144050598 0.007363766 0.996397793 -0.084481299 -5.221693993 -0.980529904 0.023773555 0.194925144 62.793731689
0.203014299 0.080503188 0.975860834 77.706268311 0.008588635 0.996429920 -0.083986752 -5.259865761 -0.979138017 0.025431823 0.201598123 62.906356812
0.210652366 0.081083037 0.974192500 78.264381409 0.006530485 0.996415257 -0.084344760 -5.299004078 -0.977539182 0.024129374 0.209367722 63.035053253
0.218138874 0.078478746 0.972757220 78.850509644 0.007183992 0.996605337 -0.082013741 -5.350218296 -0.975891232 0.024878660 0.216834560 63.199424744
0.227700889 0.077779740 0.970619738 79.432769775 0.003845460 0.996725082 -0.080773778 -5.400067329 -0.973723471 0.022124739 0.226656049 63.337127686
0.237060353 0.077937216 0.968363583 79.991897583 0.002430214 0.996726155 -0.080814846 -5.433755398 -0.971491873 0.021511326 0.236094847 63.473548889
0.246318370 0.081938311 0.965719104 80.575202942 -0.002948412 0.996478617 -0.083796121 -5.476740837 -0.969184458 0.017793188 0.245692551 63.643886566
0.255461544 0.084063202 0.963157773 81.169456482 -0.006459025 0.996338964 -0.085246079 -5.520617008 -0.966797650 0.015556036 0.255069286 63.820869446
0.266770154 0.086741112 0.959848762 81.772521973 -0.010425672 0.996142924 -0.087123409 -5.568253994 -0.963703692 0.013234860 0.266645640 63.993858337
0.276928067 0.088700555 0.956787944 82.382476807 -0.012102686 0.995973170 -0.088830352 -5.619347572 -0.960814416 0.013019919 0.276886523 64.183425903
0.286817074 0.089223787 0.953821301 83.000205994 -0.014814311 0.995947361 -0.088709690 -5.664846897 -0.957870841 0.011313248 0.286976427 64.377166748
0.297036767 0.089739978 0.950639725 83.628570557 -0.015540335 0.995896399 -0.089156434 -5.712498665 -0.954739571 0.011709478 0.297212422 64.585235596
0.307069331 0.090654351 0.947359681 84.273849487 -0.019758321 0.995845437 -0.088889733 -5.761953354 -0.951482058 0.008577076 0.307584792 64.812042236
0.317173600 0.085708611 0.944486618 84.922164917 -0.019020982 0.996282399 -0.084021330 -5.811049461 -0.948176682 0.008684282 0.317624718 65.044525146
0.328545988 0.078816637 0.941193581 85.581626892 -0.015597940 0.996828914 -0.078030765 -5.858754158 -0.944359183 0.010956015 0.328733504 65.272521973
0.339219213 0.074228317 0.937774301 86.245735168 -0.013731327 0.997166395 -0.073962435 -5.909836769 -0.940607131 0.012212595 0.339277267 65.521530151
0.349613041 0.070966125 0.934202611 86.920005798 -0.014627361 0.997419059 -0.070294224 -5.959516525 -0.936779976 0.010910859 0.349748731 65.779907227
0.359215885 0.068818659 0.930713654 87.598663330 -0.008658578 0.997480273 -0.070413642 -5.998555183 -0.933214247 0.017235050 0.358906746 66.039726257
0.367990047 0.063188232 0.927680254 88.303771973 -0.001643712 0.997730911 -0.067307666 -6.036881924 -0.929828167 0.023243714 0.367258966 66.315155029
0.375055104 0.053622406 0.925450325 89.023536682 0.008014575 0.998100758 -0.061079949 -6.082432270 -0.926967919 0.030325441 0.373913020 66.599014282
0.381780654 0.049644142 0.922918737 89.724700928 0.012486183 0.998188257 -0.058858037 -6.126061440 -0.924168587 0.033994585 0.380469114 66.883903503
0.389186174 0.049456753 0.919830501 90.430007935 0.014620495 0.998100162 -0.059851140 -6.175615788 -0.921043038 0.036741614 0.387723804 67.186134338
0.396720290 0.055947155 0.916233063 91.145606995 0.016808016 0.997530878 -0.068189085 -6.214601040 -0.917785704 0.042452056 0.394800335 67.495170593
0.403791875 0.060203150 0.912867844 91.857070923 0.020658795 0.996977925 -0.074888237 -6.258848667 -0.914617598 0.049098004 0.401327848 67.807708740
0.409047306 0.062332034 0.910381794 92.561614990 0.018717932 0.996881247 -0.076664694 -6.310376167 -0.912321270 0.048399948 0.406604767 68.129859924
0.413291454 0.063718960 0.908366680 93.247825623 0.011824140 0.997089148 -0.075322337 -6.367134571 -0.910522044 0.041870732 0.411334932 68.457481384
0.417316586 0.067357123 0.906261444 93.938285828 0.004973455 0.997065127 -0.076396212 -6.425762177 -0.908747613 0.036388651 0.415756822 68.795471191
0.421718091 0.070855699 0.903954327 94.640007019 0.003718188 0.996798635 -0.079867855 -6.484426022 -0.906719506 0.037042782 0.420104444 69.118003845
0.425545335 0.075045004 0.901820064 95.310256958 0.000630258 0.996530712 -0.083223760 -6.541288376 -0.904936850 0.035983860 0.424021602 69.445892334
0.429109871 0.077880703 0.899888515 95.968231201 -0.002344558 0.996368527 -0.085112564 -6.600779057 -0.903249264 0.034412794 0.427734166 69.767669678
0.432870895 0.075994700 0.898247063 96.618659973 -0.003363492 0.996569455 -0.082692228 -6.664083481 -0.901449740 0.032773808 0.431641489 70.090972900
0.436963946 0.073188998 0.896496475 97.281257629 -0.002480660 0.996778429 -0.080166794 -6.720575333 -0.899475515 0.032806095 0.435737729 70.418685913
0.440513641 0.070230640 0.894994557 97.920326233 -0.002567335 0.997029841 -0.076973744 -6.776569366 -0.897742271 0.031610239 0.439385474 70.732055664
0.444108307 0.069630474 0.893263280 98.551971436 -0.003831486 0.997114182 -0.075820789 -6.831181049 -0.895964980 0.030250121 0.443093449 71.054679871
0.447248310 0.071255505 0.891566992 99.162193298 -0.006044300 0.997039557 -0.076652966 -6.884442329 -0.894389391 0.028894007 0.446354926 71.371719360
0.449688435 0.071938463 0.890283704 99.769073486 -0.005486089 0.996954918 -0.077786863 -6.937918663 -0.893168688 0.030095674 0.448713779 71.688537598
0.452176571 0.069858678 0.889188409 100.374237061 -0.003164931 0.997047484 -0.076723114 -6.989694595 -0.891922832 0.031878173 0.451062560 71.992576599
0.454177767 0.068965890 0.888237715 100.971939087 -0.001571326 0.997059703 -0.076611742 -7.041354179 -0.890909731 0.033399638 0.452950776 72.292922974
0.456086159 0.068436660 0.887300253 101.563591003 -0.002125056 0.997119606 -0.075814612 -7.090867996 -0.889933050 0.032692436 0.454917938 72.600646973
0.457915366 0.067555986 0.886425257 102.138290405 -0.000656574 0.997133911 -0.075654119 -7.142793179 -0.888995528 0.034061175 0.456647307 72.902534485
0.460685343 0.069532245 0.884835720 102.699172974 -0.001305853 0.996978700 -0.077664778 -7.186168671 -0.887562573 0.034623567 0.459384203 73.191497803
0.463623643 0.069139495 0.883330524 103.260078430 0.002003070 0.996866524 -0.079077438 -7.237501144 -0.886029840 0.038431536 0.462032348 73.487075806
0.466640800 0.068664379 0.881777406 103.810226440 0.003580926 0.996827006 -0.079518378 -7.284440517 -0.884439588 0.040264104 0.464914262 73.777877808
0.469593793 0.067142315 0.880325794 104.353446960 0.006193516 0.996828973 -0.079331823 -7.337187767 -0.882860780 0.042706046 0.467688918 74.085960388
0.473259866 0.066154301 0.878435373 104.862487793 0.007505496 0.996837199 -0.079114668 -7.378117085 -0.880890787 0.044034895 0.471266598 74.329177856
0.476482391 0.065612867 0.876732290 105.381446838 0.008954656 0.996797323 -0.079464935 -7.421835899 -0.879138350 0.045714479 0.474368930 74.613052368
0.479892582 0.065129653 0.874906480 105.895866394 0.009203515 0.996812046 -0.079252735 -7.468221664 -0.877278924 0.046085011 0.477763236 74.899963379
0.483067423 0.064257398 0.873222053 106.404502869 0.011109363 0.996773422 -0.079494826 -7.513296604 -0.875512719 0.048102304 0.480794966 75.188911438
0.487413138 0.065341398 0.870723188 106.909988403 0.010697009 0.996674418 -0.080781080 -7.560091972 -0.873106003 0.048687890 0.485093325 75.463958740
0.491061658 0.065800406 0.868636191 107.412147522 0.012320925 0.996518672 -0.082453027 -7.608978271 -0.871037662 0.051191915 0.488541454 75.767601013
0.496159852 0.069167480 0.865471661 107.889595032 0.010220980 0.996287286 -0.085481636 -7.652367115 -0.868171036 0.051258519 0.493610859 76.040710449
0.501529634 0.074936420 0.861888945 108.372077942 0.006919627 0.995862305 -0.090611167 -7.697512150 -0.865112782 0.051408127 0.498935908 76.332839966
0.507092059 0.082177036 0.857965410 108.854377747 0.001536588 0.995356441 -0.096244723 -7.746657848 -0.861890554 0.050123271 0.504611135 76.638679504
0.513039947 0.088093296 0.853832245 109.336120605 -0.003669627 0.994935632 -0.100446567 -7.804173470 -0.858356953 0.048399840 0.510765016 76.948539734
0.519585013 0.092789195 0.849365294 109.809204102 -0.007151888 0.994523048 -0.104271933 -7.849771976 -0.854388833 0.048103575 0.517402887 77.243141174
0.525343478 0.092912547 0.845802248 110.298568726 -0.011400541 0.994699776 -0.102188028 -7.902822495 -0.850813985 0.044041209 0.523618221 77.556549072
0.530848980 0.092322834 0.842422605 110.794944763 -0.017910533 0.995048523 -0.097763181 -7.952596664 -0.847277164 0.036809251 0.529874086 77.887969971
0.536314189 0.090013519 0.839204788 111.288711548 -0.023954518 0.995519519 -0.091471218 -8.002522469 -0.843678474 0.028954566 0.536067545 78.228904724
0.541993380 0.088391632 0.835721433 111.793151855 -0.031038461 0.995880187 -0.085201643 -8.060612679 -0.839809358 0.020239227 0.542504072 78.570465088
0.548110962 0.086135350 0.831958532 112.303031921 -0.033389162 0.996143579 -0.081136510 -8.109684944 -0.835738957 0.016693417 0.548873246 78.921386719
0.554434657 0.089804620 0.827367783 112.814262390 -0.038152304 0.995858371 -0.082526438 -8.151256561 -0.831352293 0.014189528 0.555564642 79.282623291
0.560219169 0.093972988 0.822996676 113.333297729 -0.042669665 0.995498896 -0.084624447 -8.200724602 -0.827244699 0.012291249 0.561707377 79.661125183
0.566469669 0.097418763 0.818304181 113.857978821 -0.045412995 0.995169401 -0.087037429 -8.243232727 -0.822830439 0.012142417 0.568157375 80.036842346
0.572754264 0.099684484 0.813643277 114.388595581 -0.047837194 0.994951427 -0.088223256 -8.290853500 -0.818330050 0.011607837 0.574631393 80.426231384
