1.000000000 0.000000000 0.000000000 0.000000000 0.000000000 1.000000000 0.000000000 0.000000000 0.000000000 0.000000000 1.000000000 0.000000000
0.999984503 -0.004614641 0.003106442 0.009942306 0.004603889 0.999983430 0.003459604 -0.000253352 -0.003122356 -0.003445249 0.999989212 0.841400623
0.999931812 -0.009772430 0.006391881 0.013974546 0.009759350 0.999950230 0.002074532 0.003889623 -0.006411836 -0.002012010 0.999977410 1.674392462
0.999899685 -0.010843142 0.009111175 0.022929486 0.010855398 0.999940217 -0.001296946 0.000992469 -0.009096568 0.001395721 0.999957681 2.483622551
0.999900222 -0.008156824 0.011532367 0.023374997 0.008251817 0.999932230 -0.008213618 -0.001071818 -0.011464586 0.008307963 0.999899685 3.289968491
0.999885798 -0.006290486 0.013744525 0.028329778 0.006521465 0.999837220 -0.016825546 -0.009708680 -0.013636447 0.016913259 0.999763906 4.083979607
0.999812722 -0.009963221 0.016596578 0.042315241 0.010307071 0.999731421 -0.020762971 -0.008962654 -0.016385255 0.020930147 0.999646664 4.873963356
0.999772251 -0.009207939 0.019254776 0.062180117 0.009463228 0.999868035 -0.013209611 -0.015821282 -0.019130602 0.013388816 0.999727368 5.661116123
0.999735773 -0.002741115 0.022821151 0.064921513 0.002743770 0.999996245 -0.000085110 -0.014523643 -0.022820830 0.000147702 0.999739587 6.452585697
0.999653816 0.005316851 0.025767200 0.070859134 -0.005552438 0.999943316 0.009079949 -0.027108178 -0.025717461 -0.009219876 0.999626696 7.220847130
0.999584138 0.006612092 0.028067611 0.086113542 -0.006823002 0.999949157 0.007425205 -0.024345387 -0.028017083 -0.007613623 0.999578476 7.973101139
0.999517322 0.004060282 0.030801015 0.112862304 -0.004156522 0.999986649 0.003061133 -0.018215535 -0.030788174 -0.003187681 0.999520898 8.713953018
0.999415696 0.003466537 0.034001198 0.127327591 -0.003461718 0.999993920 -0.000200626 -0.012803532 -0.034001686 0.000082807 0.999421775 9.469418526
0.999300897 0.004073432 0.037163153 0.150667399 -0.004126630 0.999990582 0.001354904 -0.010170662 -0.037157286 -0.001507316 0.999308228 10.201961517
0.999198735 0.004297742 0.039791748 0.176463246 -0.004405363 0.999986887 0.002617308 -0.008601399 -0.039779976 -0.002790508 0.999204516 10.930239677
0.999075055 0.004746464 0.042739373 0.197097093 -0.004901848 0.999981821 0.003531562 -0.009868130 -0.042721827 -0.003737797 0.999080002 11.654044151
0.998928010 0.003746828 0.046137486 0.224167526 -0.003865611 0.999989510 0.002485595 -0.010344319 -0.046127688 -0.002661280 0.998931944 12.361660957
0.998726428 0.002692371 0.050379984 0.262557626 -0.002706288 0.999996245 0.000208035 -0.007356731 -0.050379243 -0.000344113 0.998730123 13.050727844
0.998484790 0.002929084 0.054949403 0.300332516 -0.002828794 0.999994159 -0.001902806 -0.005885847 -0.054954659 0.001744483 0.998487353 13.745683670
0.998157144 0.003627728 0.060574479 0.335438550 -0.003398404 0.999986649 -0.003888426 -0.008375686 -0.060587782 0.003675403 0.998156130 14.418555260
0.997793734 0.004246445 0.066254683 0.374491811 -0.003821502 0.999971330 -0.006539200 -0.003099293 -0.066280551 0.006271580 0.997781336 15.089005470
0.997356772 0.003942850 0.072552353 0.431893110 -0.003195657 0.999940693 -0.010411859 -0.004811242 -0.072589085 0.010152487 0.997310221 15.757034302
0.996827006 0.003029042 0.079540990 0.489385843 -0.001906403 0.999897540 -0.014186120 -0.006337106 -0.079575814 0.013989471 0.996730626 16.433361053
0.996234596 0.005237377 0.086540177 0.545813560 -0.003846360 0.999860823 -0.016232591 -0.006653309 -0.086613148 0.015838601 0.996116102 17.104719162
0.995526373 0.010179747 0.093934454 0.593144894 -0.008732604 0.999836922 -0.015804097 -0.013226897 -0.094080023 0.014913104 0.995452881 17.792631149
0.994791925 0.014506745 0.100888409 0.656652927 -0.013004726 0.999794841 -0.015529739 -0.015060604 -0.101093002 0.014136835 0.994776487 18.477405548
0.994099677 0.014876088 0.107445635 0.741198659 -0.013247183 0.999786615 -0.015858168 -0.030864388 -0.107658587 0.014341249 0.994084477 19.145330429
0.993220925 0.016590685 0.115052268 0.820623398 -0.014559262 0.999723434 -0.018474493 -0.038860023 -0.115326941 0.016674176 0.993187666 19.835861206
0.992179692 0.021331770 0.122981407 0.905001879 -0.018669819 0.999566674 -0.022757212 -0.041550934 -0.123413563 0.020283204 0.992148042 20.532821655
0.991098762 0.023891617 0.130967394 0.989016294 -0.020720661 0.999459505 -0.025521480 -0.049941599 -0.131506339 0.022580579 0.991058171 21.236400604
0.990021110 0.026165640 0.138468847 1.085624099 -0.022571087 0.999367833 -0.027466476 -0.063489974 -0.139100000 0.024066998 0.989985883 21.948472977
0.988768101 0.028361006 0.146743134 1.183534622 -0.024151679 0.999246359 -0.030387977 -0.071108818 -0.147494376 0.026502572 0.988707721 22.642126083
0.987480462 0.031170735 0.154631510 1.290311575 -0.026466625 0.999124885 -0.032387882 -0.084348261 -0.155505776 0.027889825 0.987441123 23.363098145
0.986290216 0.028432755 0.162552550 1.408098459 -0.023141339 0.999141812 -0.034353703 -0.097177505 -0.163389832 0.030121041 0.986101687 24.088333130
0.985025883 0.026759900 0.170317188 1.542115211 -0.021317620 0.999204576 -0.033703025 -0.116503119 -0.171083570 0.029567594 0.984812796 24.839159012
0.983633816 0.025690716 0.178337857 1.680311918 -0.020466521 0.999307573 -0.031072296 -0.133584917 -0.179012626 0.026913803 0.983478606 25.592987061
0.982057631 0.027211456 0.186607122 1.815629244 -0.022374393 0.999357998 -0.027978810 -0.147116423 -0.187248692 0.023301579 0.982036173 26.358924866
0.980789721 0.026343312 0.193281367 1.970311403 -0.022158928 0.999471605 -0.023779579 -0.159172475 -0.193805680 0.019039853 0.980855167 27.131677628
0.979608715 0.022714112 0.199626803 2.137774229 -0.018823905 0.999594510 -0.021364085 -0.166549981 -0.200031146 0.017170683 0.979639113 27.918249130
0.978319883 0.022114219 0.205915317 2.294282675 -0.019465670 0.999699771 -0.014879553 -0.175857261 -0.206182569 0.010548683 0.978456616 28.707252502
0.977093101 0.020285686 0.211843312 2.468916178 -0.018621979 0.999778092 -0.009845879 -0.178293765 -0.211996064 0.005675397 0.977254033 29.514617920
0.975989640 0.016737139 0.217173010 2.649284840 -0.014783740 0.999834299 -0.010616397 -0.183956549 -0.217314735 0.007150864 0.976075411 30.322784424
0.974943578 0.014773832 0.221961215 2.844666004 -0.010588437 0.999743223 -0.020034615 -0.193597853 -0.222200200 0.017182397 0.974849641 31.138204575
0.973870456 0.014558267 0.226637289 3.043452740 -0.007130659 0.999411345 -0.033557408 -0.195562661 -0.226992428 0.031064492 0.973401010 31.940679550
0.972852528 0.011241707 0.231152534 3.240146160 -0.001439747 0.999094129 -0.042529766 -0.208688498 -0.231421262 0.041042384 0.971987426 32.774520874
0.971754372 0.005477129 0.235931367 3.443444252 0.004021839 0.999201059 -0.039761540 -0.226387620 -0.235960647 0.039587323 0.970955849 33.604598999
0.970470071 -0.002552607 0.241207734 3.676856995 0.010911782 0.999384940 -0.033326142 -0.253885627 -0.240974292 0.034974031 0.969901145 34.479305267
0.969224155 -0.006248892 0.246100694 3.905663490 0.013493653 0.999523401 -0.027762860 -0.280043840 -0.245809928 0.030229228 0.968846619 35.346488953
0.968053520 -0.000873311 0.250742137 4.124747753 0.009540003 0.999398172 -0.033350788 -0.295711815 -0.250562102 0.034677435 0.967479229 36.213363647
0.966900647 0.006741189 0.255064338 4.340217113 0.004087903 0.999113381 -0.041902404 -0.310535550 -0.255120695 0.041558132 0.966015756 37.079494476
0.965622544 0.010510298 0.259735495 4.562270641 0.000973481 0.999028981 -0.044045221 -0.335349679 -0.259946257 0.042783905 0.964674830 37.958145142
0.964100957 0.012253598 0.265252978 4.794130802 -0.002156338 0.999262989 -0.038324319 -0.362390399 -0.265527070 0.036376540 0.963416934 38.839542389
0.962551892 0.014624309 0.270702749 5.032850742 -0.005563805 0.999399185 -0.034207523 -0.390231609 -0.271040469 0.031420380 0.962054968 39.713935852
0.961031258 0.016218644 0.275963366 5.284674168 -0.006849089 0.999367833 -0.034882184 -0.416135490 -0.276354671 0.031632777 0.960534990 40.604503632
0.959583104 0.019113570 0.280775517 5.538676262 -0.008580937 0.999214172 -0.038694367 -0.438964248 -0.281294495 0.034721140 0.958993137 41.489971161
0.958170712 0.016800286 0.285703570 5.809475422 -0.005723903 0.999200821 -0.039559819 -0.466596007 -0.286139905 0.036269721 0.957501173 42.386070251
0.956927598 0.012972383 0.290036649 6.084102631 -0.001507959 0.999209881 -0.039716095 -0.494542122 -0.290322661 0.037568077 0.956191003 43.267410278
0.955736637 0.011518897 0.293997794 6.363431931 -0.000054844 0.999240398 -0.038972158 -0.520534515 -0.294223338 0.037231002 0.955011249 44.183212280
0.954710186 0.009998158 0.297369152 6.644112110 0.001514638 0.999258995 -0.038459904 -0.546796679 -0.297533303 0.037168473 0.953987658 45.084327698
0.953608274 0.009214871 0.300909191 6.925311089 0.002259343 0.999284327 -0.037761565 -0.574253559 -0.301041782 0.036689602 0.952904880 46.001720428
0.952870488 0.010999154 0.303177834 7.211198807 -0.000063807 0.999349773 -0.036055408 -0.598095298 -0.303377330 0.034336790 0.952251613 46.927650452
0.952038348 0.010337055 0.305804133 7.508782387 0.000034676 0.999425650 -0.033891398 -0.624731958 -0.305978805 0.032276515 0.951491058 47.846038818
0.951332033 0.013707545 0.307862759 7.797244072 -0.003740086 0.999450207 -0.032943062 -0.653992116 -0.308145165 0.030188350 0.950860262 48.767986298
0.950741529 0.016030915 0.309570372 8.085787773 -0.005399890 0.999366820 -0.035167664 -0.680052042 -0.309938163 0.031763710 0.950226009 49.680629730
0.950222135 0.017239515 0.311095804 8.382854462 -0.006241653 0.999320924 -0.036313094 -0.706358194 -0.311510593 0.032563753 0.949684680 50.606712341
0.949514568 0.017311109 0.313244939 8.677215576 -0.006186499 0.999315500 -0.036473338 -0.731197596 -0.313661903 0.032694079 0.948971689 51.521034241
0.949058414 0.017212417 0.314629674 8.977376938 -0.006325655 0.999346554 -0.035590261 -0.760852456 -0.315036565 0.031787001 0.948547065 52.444751740
0.948517323 0.014697854 0.316384137 9.270610809 -0.005293111 0.999518752 -0.030564664 -0.779765427 -0.316681087 0.027316459 0.948138595 53.357048035
0.948138833 0.011716226 0.317640424 9.589867592 -0.002442876 0.999559522 -0.029577101 -0.815817595 -0.317847043 0.027267240 0.947749853 54.280666351
0.947454214 0.014880658 0.319544971 9.886474609 -0.005465679 0.999524772 -0.030340342 -0.837191164 -0.319844633 0.026999561 0.947085261 55.185955048
0.946975470 0.016847953 0.320863754 10.184688568 -0.004946506 0.999270380 -0.037871029 -0.857896566 -0.321267694 0.034275781 0.946367919 56.085742950
0.946360111 0.016802179 0.322676569 10.497135162 -0.004123068 0.999193668 -0.039936960 -0.887506366 -0.323087364 0.036464330 0.945666373 56.986141205
0.945368588 0.019632321 0.325411767 10.796961784 -0.006587879 0.999131560 -0.041139569 -0.918809652 -0.325936943 0.036748279 0.944677055 57.891998291
0.944429457 0.019763330 0.328119516 11.106924057 -0.008147163 0.999291658 -0.036739398 -0.947957754 -0.328613222 0.032024525 0.943921566 58.805667877
0.943425357 0.017850222 0.331104249 11.429058075 -0.007989615 0.999483705 -0.031118300 -0.975059569 -0.331488848 0.026712392 0.943080962 59.726062775
0.942140460 0.016086426 0.334832460 11.746099472 -0.007497195 0.999609232 -0.026929084 -1.004966259 -0.335134834 0.022860672 0.941892803 60.629501343
0.940869331 0.018171690 0.338281929 12.064226151 -0.009623174 0.999590993 -0.026930524 -1.027885199 -0.338632911 0.022082759 0.940659463 61.528553009
0.939224124 0.018639637 0.342798173 12.378763199 -0.009455391 0.999550700 -0.028443938 -1.045897126 -0.343174368 0.023473941 0.938978374 62.425334930
0.937906444 0.018500989 0.346394390 12.712960243 -0.008967741 0.999536276 -0.029104114 -1.066799402 -0.346772164 0.024190566 0.937637389 63.314853668
0.936592340 0.018497732 0.349931926 13.050257683 -0.009240234 0.999562144 -0.028106328 -1.090025783 -0.350298703 0.023090718 0.936353326 64.213424683
0.934869051 0.018323679 0.354519367 13.369661331 -0.009020878 0.999570668 -0.027875684 -1.108596563 -0.354878008 0.022862038 0.934633076 65.093185425
0.933526695 0.018647885 0.358022392 13.707696915 -0.009685841 0.999593616 -0.026809251 -1.134944797 -0.358376801 0.021559412 0.933328032 65.971183777
0.932065070 0.020593863 0.361705035 14.045854568 -0.011528833 0.999563456 -0.027202412 -1.158980727 -0.362107337 0.021184379 0.931895673 66.854415894
0.930822313 0.022857189 0.364756525 14.390573502 -0.013752659 0.999526083 -0.027539138 -1.182133198 -0.365213096 0.020617675 0.930695593 67.730552673
0.929067194 0.025381681 0.369039178 14.719879150 -0.016655013 0.999501705 -0.026813969 -1.202418327 -0.369535893 0.018765628 0.929026902 68.616775513
0.927834272 0.029680233 0.371809959 15.066530228 -0.021071946 0.999408007 -0.027195048 -1.221822262 -0.372396976 0.017397737 0.927910447 69.490844727
0.926389098 0.035645384 0.374876559 15.401968956 -0.026059102 0.999191582 -0.030611936 -1.246034622 -0.375664681 0.018589621 0.926569223 70.375801086
0.924832046 0.040693406 0.378192723 15.731782913 -0.029182235 0.998921216 -0.036121354 -1.259477019 -0.379254669 0.022369673 0.925021827 71.225494385
0.923574746 0.043508392 0.380941719 16.080024719 -0.031310990 0.998780906 -0.038161498 -1.282104492 -0.382137626 0.023317331 0.923811078 72.087242126
0.922339261 0.043382268 0.383937716 16.437614441 -0.032437518 0.998862803 -0.034939349 -1.318666935 -0.385016888 0.019771947 0.922697723 72.957496643
0.920807421 0.042468652 0.387698472 16.785736084 -0.032670885 0.998959184 -0.031831048 -1.342388988 -0.388646752 0.016643805 0.921236515 73.813415527
0.919729233 0.040541768 0.390454203 17.150131226 -0.031898703 0.999081910 -0.028598409 -1.367263198 -0.391255200 0.013847806 0.920178056 74.677795410
0.918444216 0.039592560 0.393564045 17.512418747 -0.030990876 0.999122083 -0.028189594 -1.390632153 -0.394334644 0.013693671 0.918864965 75.529754639
0.916977108 0.039254647 0.397003770 17.870744705 -0.030556146 0.999134719 -0.028214825 -1.405358791 -0.397767872 0.013741443 0.917383194 76.363792419
0.915354490 0.040579818 0.400598705 18.237731934 -0.031032559 0.999059141 -0.030294253 -1.426456690 -0.401451141 0.015298377 0.915752709 77.207992554
0.913387418 0.042492103 0.404867649 18.599540710 -0.031720642 0.998942554 -0.033279873 -1.449668050 -0.405853659 0.017554760 0.913769484 78.048789978
0.911346614 0.032637477 0.410343856 18.983386993 -0.022475405 0.999310136 -0.029565662 -1.468062639 -0.411025763 0.017721925 0.911451519 78.888603210
0.909545481 0.031279515 0.414425552 19.362236023 -0.023162829 0.999429047 -0.024597922 -1.488121986 -0.414958417 0.012773659 0.909750700 79.719924927
0.907354951 0.030993244 0.419220984 19.745029449 -0.022290595 0.999422669 -0.025642473 -1.516491055 -0.419773668 0.013922141 0.907521963 80.550514221
0.905503690 0.034706902 0.422916502 20.123117447 -0.020439124 0.999060035 -0.038226396 -1.539392710 -0.423845649 0.025970101 0.905362070 81.366546631
0.903286278 0.039249260 0.427239269 20.502300262 -0.019405160 0.998525143 -0.050704513 -1.569921970 -0.428599268 0.037510045 0.902715743 82.159317017
0.900874496 0.041937470 0.432049245 20.887372971 -0.020171989 0.998291254 -0.054839566 -1.605632782 -0.433610857 0.040688265 0.900181174 82.968620300
0.898433089 0.043976352 0.436902791 21.271049500 -0.024813253 0.998467088 -0.049475279 -1.641480923 -0.438408852 0.033609245 0.898147047 83.791137695
0.896300495 0.042840362 0.441373020 21.671541214 -0.026809957 0.998736858 -0.042495728 -1.679006577 -0.442636043 0.026255747 0.896316886 84.607658386
0.893668175 0.043763824 0.446589142 22.063468933 -0.029822957 0.998824894 -0.038201921 -1.709725380 -0.447736263 0.020821225 0.893923163 85.420890808
0.890906930 0.047055036 0.451741844 22.458541870 -0.033654608 0.998723805 -0.037658364 -1.742080331 -0.452937365 0.018346902 0.891353548 86.217987061
0.887509704 0.050199360 0.458046407 22.861789703 -0.038066141 0.998637736 -0.035688315 -1.768428087 -0.459213942 0.014237665 0.888211608 87.019775391
0.884081960 0.051777165 0.464454591 23.269945145 -0.041880768 0.998622537 -0.031606551 -1.788457751 -0.465451360 0.008491071 0.885032773 87.814872742
0.880797803 0.052573185 0.470564723 23.681247711 -0.044381786 0.998608112 -0.028494788 -1.817524791 -0.471407831 0.004213647 0.881905317 88.600166321
0.877544165 0.050417457 0.476837844 24.099002838 -0.040951852 0.998703659 -0.030230496 -1.840845466 -0.477743864 0.007001204 0.878471255 89.371078491
0.874534011 0.050601684 0.482316911 24.523918152 -0.038777426 0.998653471 -0.034461498 -1.863409996 -0.483411282 0.011434739 0.875318706 90.142898560
0.871284902 0.050654981 0.488156378 24.947891235 -0.037379142 0.998619318 -0.036908567 -1.882441282 -0.489351988 0.013911010 0.871975422 90.910224915
0.868288696 0.049509928 0.493582189 25.384702682 -0.036904383 0.998696685 -0.035255995 -1.909931302 -0.494684368 0.012397035 0.868984163 91.687965393
0.865015507 0.049503408 0.499296993 25.816799164 -0.037968162 0.998725832 -0.033241309 -1.931250334 -0.500306368 0.009796859 0.865793109 92.447731018
0.862173438 0.046978407 0.504430354 26.266086578 -0.035673950 0.998849392 -0.032050468 -1.962217093 -0.505355656 0.009638043 0.862857342 93.209144592
0.859295011 0.047268126 0.509291530 26.707668304 -0.034414556 0.998807311 -0.034635361 -1.985885501 -0.510321319 0.012234956 0.859896839 93.972679138
0.857258797 0.049180012 0.512531638 27.157146454 -0.034507517 0.998677433 -0.038111009 -2.013566494 -0.513728201 0.014984801 0.857822120 94.708648682
0.855413020 0.048215635 0.515697300 27.603778839 -0.032179739 0.998681724 -0.039994560 -2.035371304 -0.516945839 0.017616864 0.855836749 95.460464478
0.854290009 0.042672232 0.518042266 28.060094833 -0.026215190 0.998893201 -0.039050166 -2.064264536 -0.519135356 0.019779589 0.854463220 96.207443237
0.853176415 0.040527008 0.520045757 28.520465851 -0.025140190 0.999013543 -0.036608320 -2.093034744 -0.521016359 0.018159298 0.853353441 96.956321716
0.852136910 0.037820544 0.521950483 28.980312347 -0.022985317 0.999127388 -0.034870960 -2.122743607 -0.522813857 0.017717635 0.852262735 97.697975159
0.851119280 0.035000436 0.523804247 29.426647186 -0.020527318 0.999230862 -0.033413831 -2.153498888 -0.524570823 0.017686861 0.851182997 98.433921814
0.850673437 0.035031524 0.524525940 29.888278961 -0.019206511 0.999182045 -0.035583384 -2.174409866 -0.525343359 0.020195529 0.850650668 99.172218323
0.850474298 0.034033332 0.524914563 30.337215424 -0.017034879 0.999163270 -0.037181541 -2.200794697 -0.525740743 0.022680091 0.850342453 99.906967163
0.850688577 0.032066017 0.524691045 30.798595428 -0.013786855 0.999155402 -0.038709655 -2.225463867 -0.525489151 0.025696028 0.850412130 100.643386841
0.850977182 0.030805212 0.524298549 31.215776443 -0.011624588 0.999138653 -0.039836872 -2.251199245 -0.525074065 0.027805513 0.850602210 101.363029480
0.851847887 0.029734330 0.522944629 31.680238724 -0.010442689 0.999153018 -0.039800707 -2.285693169 -0.523685157 0.028443201 0.851436913 102.079292297
0.852610350 0.027436599 0.521826506 32.097091675 -0.007743818 0.999174416 -0.039882012 -2.312510252 -0.522489846 0.029962884 0.852118909 102.784683228
0.854034662 0.026043288 0.519563735 32.543579102 -0.007123832 0.999237955 -0.038377278 -2.351766825 -0.520167172 0.029074242 0.853569388 103.491508484
0.855445921 0.024354942 0.517319143 32.969718933 -0.006309943 0.999309659 -0.036612432 -2.379901886 -0.517853737 0.028055703 0.855009019 104.188987732
0.857089281 0.022126550 0.514692485 33.374946594 -0.005952470 0.999435902 -0.033053264 -2.410738707 -0.515133500 0.025265906 0.856737554 104.881591797
0.859059095 0.022191647 0.511395037 33.787300110 -0.007442643 0.999495745 -0.030870039 -2.422422171 -0.511822164 0.022713061 0.858791113 105.575004578
0.860690773 0.022252213 0.508641541 34.173622131 -0.009071989 0.999556065 -0.028377857 -2.453222036 -0.509047329 0.019810174 0.860510588 106.257415771
0.862598002 0.025208969 0.505261660 34.545936584 -0.012711279 0.999522388 -0.028167987 -2.485730171 -0.505730331 0.017875131 0.862506330 106.911224365
0.864143670 0.028071875 0.502461791 34.920074463 -0.015335206 0.999448180 -0.029464066 -2.505084038 -0.503011644 0.017755833 0.864097238 107.578636169
0.866412997 0.027716627 0.498558432 35.291069031 -0.015108263 0.999456227 -0.029307624 -2.524327278 -0.499099642 0.017860152 0.866360545 108.231941223
0.868359029 0.026619766 0.495221078 35.661094666 -0.015341691 0.999522388 -0.026826311 -2.542258978 -0.495698661 0.015697343 0.868352652 108.884712219
0.870018363 0.026688494 0.492296368 36.004116058 -0.017264890 0.999570489 -0.023677330 -2.561642170 -0.492716938 0.012100269 0.870105565 109.512725830
0.871565759 0.027762204 0.489491910 36.342864990 -0.019803617 0.999574244 -0.021430854 -2.583667278 -0.489878416 0.008984687 0.871744573 110.142860413
0.873608470 0.027415022 0.485856652 36.691436768 -0.018722134 0.999566138 -0.022737809 -2.595138073 -0.486269236 0.010767668 0.873742759 110.768882751
0.875809431 0.027754778 0.481858313 37.025535583 -0.018384434 0.999539077 -0.024157980 -2.609166384 -0.482306749 0.012299092 0.875916123 111.374526978
0.877327383 0.028362444 0.479053468 37.335006714 -0.018321274 0.999503791 -0.025622636 -2.632168531 -0.479542494 0.013702572 0.877411604 111.962532043
0.878516436 0.030375281 0.476745546 37.635696411 -0.019241869 0.999416530 -0.028218953 -2.652771711 -0.477324516 0.015617338 0.878588319 112.543716431
0.880091906 0.033635337 0.473610550 37.935276031 -0.022588845 0.999324262 -0.028995024 -2.663062572 -0.474265814 0.014819967 0.880257010 113.116943359
0.881650865 0.035910204 0.470533907 38.221252441 -0.025018508 0.999255121 -0.029383350 -2.678355694 -0.471238434 0.014133804 0.881892562 113.676307678
0.883363247 0.036657121 0.467253447 38.500053406 -0.025983499 0.999233782 -0.029269269 -2.698897839 -0.467968404 0.013714516 0.883638740 114.210090637
0.885003984 0.037042357 0.464107484 38.786064148 -0.026938265 0.999233961 -0.028384622 -2.717422724 -0.464803427 0.012618252 0.885324001 114.755447388
0.886309445 0.038514670 0.461489052 39.053771973 -0.028089507 0.999171734 -0.029441170 -2.731408119 -0.462240785 0.013130989 0.886657238 115.286254883
0.887530446 0.042625181 0.458773166 39.309909821 -0.031198697 0.998985946 -0.032460853 -2.746146679 -0.459691644 0.014496867 0.887960315 115.810745239
0.888897240 0.043032456 0.456081033 39.571666718 -0.032151528 0.998983502 -0.031593759 -2.766833305 -0.456977040 0.013419902 0.889377236 116.320335388
0.890326202 0.043594986 0.453231245 39.822143555 -0.032802787 0.998960555 -0.031649388 -2.784917355 -0.454139888 0.013311032 0.890830934 116.840072632
0.891734600 0.044661317 0.450349569 40.071289062 -0.034355335 0.998927653 -0.031037176 -2.797528744 -0.451252729 0.012205011 0.892312706 117.329193115
0.892895639 0.044932380 0.448016047 40.304641724 -0.034454253 0.998909175 -0.031515207 -2.814705849 -0.448943496 0.012703733 0.893469810 117.813446045
0.894228637 0.046388380 0.445200294 40.542839050 -0.035684917 0.998837709 -0.032398891 -2.831553936 -0.446185827 0.013085078 0.894844592 118.315963745
0.895388722 0.046976816 0.442800224 40.767242432 -0.035917051 0.998798609 -0.033334810 -2.848784924 -0.443834275 0.013943535 0.896000385 118.785415649
0.896508873 0.046772514 0.440549850 40.992015839 -0.034968920 0.998779535 -0.034877993 -2.863770962 -0.441643566 0.015862877 0.897050381 119.253067017
0.897432745 0.048007756 0.438531429 41.209747314 -0.035761300 0.998706281 -0.036148608 -2.879917145 -0.439699590 0.016758488 0.897988498 119.710411072
0.898065090 0.049005043 0.437124103 41.423339844 -0.036383100 0.998645008 -0.037207410 -2.892433643 -0.438355178 0.017510751 0.898631215 120.164787292
0.898611486 0.050708525 0.435805082 41.630176544 -0.037483301 0.998539984 -0.038897123 -2.905721664 -0.437141210 0.018617986 0.899200141 120.610801697
0.899071336 0.051410772 0.434773088 41.838443756 -0.037920319 0.998493671 -0.039653473 -2.926091194 -0.436156780 0.019164560 0.899666607 121.041267395
0.899095237 0.051211424 0.434747338 42.047267914 -0.037327725 0.998485148 -0.040420461 -2.941565990 -0.436158717 0.020113712 0.899644971 121.493804932
0.898967505 0.051304404 0.435000032 42.265998840 -0.037364893 0.998478770 -0.040543765 -2.962166071 -0.436418444 0.020193804 0.899517179 121.945625305
0.898513198 0.052862633 0.435751647 42.483764648 -0.039301213 0.998423100 -0.040083870 -2.973182678 -0.437183470 0.018890325 0.899173915 122.398269653
0.897739828 0.052509811 0.437385410 42.702541351 -0.039650138 0.998472035 -0.038487975 -2.991861105 -0.438738108 0.017209794 0.898450196 122.865585327
0.896861374 0.051952790 0.439249814 42.921691895 -0.038338855 0.998471141 -0.039814986 -3.004832745 -0.440646797 0.018868195 0.897482216 123.335472107
0.896043897 0.051187459 0.441004753 43.155456543 -0.035772845 0.998425663 -0.043203242 -3.021559477 -0.442521870 0.022936000 0.896464348 123.787582397
0.895503461 0.048309986 0.442424715 43.397201538 -0.030238893 0.998398542 -0.047812827 -3.043298244 -0.444025993 0.029438119 0.895530224 124.255714417
0.894508064 0.048036184 0.444463491 43.639503479 -0.027432393 0.998234808 -0.052676756 -3.066479921 -0.446209282 0.034927081 0.894246817 124.728599548
0.893332183 0.051254757 0.446464539 43.881713867 -0.029310126 0.998004675 -0.055925623 -3.078644276 -0.448440135 0.036874220 0.893051922 125.228027344
0.892419815 0.051047187 0.448309124 44.133323669 -0.028816000 0.997999310 -0.056276094 -3.097064972 -0.450284928 0.037303425 0.892105341 125.728263855
0.891594768 0.046640925 0.450425744 44.395656586 -0.024965107 0.998231590 -0.053948250 -3.120866299 -0.452145368 0.036855064 0.891182542 126.236297607
0.891080320 0.036369827 0.452385962 44.677173615 -0.015728066 0.998659730 -0.049307704 -3.152716875 -0.453572959 0.036821973 0.890458167 126.749397278
0.890059829 0.034618679 0.454527259 44.943538666 -0.014016766 0.998719096 -0.048618793 -3.177154303 -0.455628097 0.036902644 0.889404953 127.271179199
0.888701141 0.040261455 0.456715554 45.212024689 -0.018804222 0.998499453 -0.051431786 -3.200550318 -0.458101034 0.037119314 0.888124764 127.823303223
0.887874842 0.043286730 0.458044022 45.489742279 -0.021180987 0.998354375 -0.053290561 -3.219308615 -0.459597021 0.037613526 0.887330770 128.370620728
0.887195051 0.038200486 0.459810376 45.780891418 -0.016081555 0.998521447 -0.051926889 -3.245769739 -0.461114109 0.038674816 0.886497676 128.920257568
0.886612475 0.033644967 0.461287647 46.077953339 -0.011691657 0.998662233 -0.050367691 -3.267966747 -0.462365210 0.039263412 0.885819852 129.479324341
0.885770380 0.032549355 0.462980926 46.374702454 -0.010246382 0.998666048 -0.050606839 -3.294870853 -0.464010507 0.040082157 0.884922445 130.051101685
0.884769261 0.036267426 0.464616060 46.675361633 -0.013931228 0.998580039 -0.051418819 -3.323808432 -0.465821117 0.039021127 0.884018183 130.632415771
0.883808732 0.039135378 0.466208726 46.985420227 -0.016010400 0.998441577 -0.053461593 -3.348949909 -0.467574388 0.039785620 0.883057892 131.229034424
0.883033037 0.041877881 0.467438757 47.297748566 -0.017433971 0.998250425 -0.056499049 -3.371748924 -0.468986988 0.041741207 0.882218122 131.827301025
0.882311463 0.041801929 0.468806237 47.630653381 -0.015990388 0.998135448 -0.058905989 -3.400560379 -0.470394462 0.044477031 0.881334662 132.443603516
0.881404996 0.044606883 0.470250547 47.946166992 -0.019854467 0.998149991 -0.057468370 -3.431512833 -0.471944004 0.041316334 0.880659819 133.055465698
0.880328774 0.047309004 0.471999079 48.267845154 -0.023380417 0.998132348 -0.056436960 -3.465368271 -0.473787516 0.038647544 0.879790723 133.672241211
0.879520237 0.048372421 0.473396689 48.611251831 -0.024014145 0.998064220 -0.057368077 -3.495372772 -0.475255281 0.039088167 0.878979206 134.310974121
0.879005909 0.047897473 0.474399120 48.965812683 -0.020422574 0.997810721 -0.062902838 -3.531258583 -0.476373315 0.045603514 0.878059626 134.948150635
0.877959013 0.049746007 0.476144314 49.299812317 -0.019223848 0.997447729 -0.068763398 -3.571331501 -0.478349745 0.051218107 0.876674473 135.590881348
0.877455235 0.051198903 0.476918310 49.655593872 -0.018790575 0.997192740 -0.072480544 -3.610667229 -0.479290336 0.054636870 0.875954211 136.237045288
0.877253056 0.046453394 0.477775186 50.022460938 -0.014555410 0.997423053 -0.070252523 -3.647750378 -0.479807436 0.054675028 0.875668585 136.899963379
0.876828432 0.039834831 0.479150444 50.396133423 -0.010010168 0.997858405 -0.064640068 -3.697035313 -0.480699271 0.051881883 0.875349343 137.569061279
0.876259148 0.034740385 0.480586082 50.764820099 -0.005595805 0.998063862 -0.061944660 -3.734185219 -0.481807679 0.051590316 0.874756992 138.229476929
0.875698984 0.032705218 0.481748492 51.143295288 -0.002863454 0.998037696 -0.062550299 -3.776355267 -0.482848912 0.053395767 0.874074280 138.908538818
0.875466526 0.032809529 0.482163817 51.527801514 -0.002054016 0.997936368 -0.064176537 -3.819464684 -0.483274430 0.055194043 0.873727322 139.602935791
0.875237584 0.033630911 0.482522726 51.911331177 -0.001983732 0.997821093 -0.065947987 -3.855588436 -0.483689159 0.056762960 0.873397350 140.300155640
0.875024021 0.032728553 0.482971847 52.295036316 -0.001604553 0.997902453 -0.064715743 -3.899091244 -0.484076887 0.055852871 0.873241186 141.005828857
0.875485599 0.030724430 0.482266635 52.684387207 -0.000418871 0.998024702 -0.062822133 -3.942645550 -0.483244121 0.054797869 0.873769045 141.712219238
0.876105309 0.029874280 0.481193364 53.079742432 -0.000052914 0.998084247 -0.061868463 -3.985130310 -0.482119769 0.054177824 0.874428511 142.430404663
0.876618922 0.029565789 0.480276048 53.473052979 -0.000038969 0.998114824 -0.061372809 -4.025499821 -0.481185228 0.053781860 0.874967575 143.160140991
0.877342403 0.028517414 0.479016781 53.865333557 0.000099713 0.998221695 -0.059609987 -4.060516357 -0.479864866 0.052346136 0.875779271 143.881332397
0.878237367 0.026839336 0.477471262 54.266746521 0.000919518 0.998327196 -0.057808708 -4.109808922 -0.478224069 0.051208816 0.876743615 144.605484009
0.879402220 0.024564970 0.475445241 54.679618835 0.002847097 0.998378634 -0.056849629 -4.149124146 -0.476070911 0.051347334 0.877906621 145.353866577
0.880016923 0.023679366 0.474351674 55.086544037 0.003383314 0.998418391 -0.056117203 -4.192501068 -0.474930316 0.050988965 0.878544986 146.115386963
0.881157637 0.023108616 0.472257406 55.486038208 0.004203208 0.998382688 -0.056695625 -4.227102757 -0.472803801 0.051942784 0.879635453 146.866561890
0.882541180 0.020570118 0.469784826 55.896568298 0.006486835 0.998415232 -0.055903077 -4.265131474 -0.470190197 0.052384190 0.881009161 147.637756348
0.883845985 0.017883291 0.467435956 56.309829712 0.008786061 0.998458087 -0.054812305 -4.304752350 -0.467695415 0.052552551 0.882326066 148.412124634
0.885015726 0.016514963 0.465268075 56.715011597 0.009597233 0.998511076 -0.053698227 -4.348141670 -0.465462178 0.051989071 0.883539557 149.202941895
0.886097312 0.015607042 0.463236451 57.120445251 0.010889749 0.998456061 -0.054469638 -4.386409283 -0.463371426 0.053309932 0.884559274 150.002593994
0.887738764 0.014843374 0.460108250 57.541011810 0.011812191 0.998416483 -0.055000119 -4.429682255 -0.460196048 0.054260626 0.886157572 150.795471191
0.889257491 0.016451728 0.457111239 57.957630157 0.010499402 0.998355448 -0.056356825 -4.468768120 -0.457286805 0.054915115 0.887622237 151.607467651
0.890587032 0.019197671 0.454407632 58.365478516 0.007694938 0.998329639 -0.057258330 -4.512722969 -0.454747856 0.054490156 0.888951778 152.420654297
0.891602278 0.021241494 0.452321082 58.768226624 0.005730881 0.998289883 -0.058177333 -4.555176735 -0.452783287 0.054463238 0.889955699 153.245285034
0.892698765 0.023694266 0.450030774 59.180229187 0.003015010 0.998280406 -0.058540475 -4.595920563 -0.450644076 0.053615846 0.891092181 154.068328857
0.893552363 0.022850128 0.448377222 59.594783783 0.002991405 0.998378754 -0.056840666 -4.644340515 -0.448949158 0.052131381 0.892035365 154.901245117
0.894352257 0.021762082 0.446833789 60.004013062 0.003065374 0.998494565 -0.054764971 -4.682346821 -0.447352976 0.050348893 0.892939150 155.731018066
0.894947946 0.020028900 0.445720941 60.424362183 0.003529053 0.998642862 -0.051960856 -4.729054451 -0.446156740 0.048075221 0.893662691 156.576705933
0.895347476 0.018674409 0.444976658 60.839073181 0.004777676 0.998660266 -0.051524214 -4.770780563 -0.445342630 0.048258029 0.894058704 157.409042358
0.895659566 0.018854510 0.444340616 61.250789642 0.006055993 0.998491287 -0.054575630 -4.806820869 -0.444699228 0.051572111 0.894194007 158.241943359
0.896016598 0.018716799 0.443625897 61.670593262 0.005640512 0.998550773 -0.053521849 -4.848952770 -0.443984628 0.050458737 0.894612610 159.085266113
0.896153450 0.020021591 0.443292469 62.072528839 0.003181100 0.998666108 -0.051536277 -4.890028000 -0.443732947 0.047594566 0.894894361 159.922592163
0.896251619 0.020496946 0.443072200 62.475215912 0.001410842 0.998794854 -0.049059078 -4.939880371 -0.443543822 0.044594385 0.895142555 160.754577637
0.896406412 0.022927800 0.442639679 62.888404846 -0.000634411 0.998726547 -0.050447170 -4.982887745 -0.443232566 0.044940345 0.895279408 161.594726562
0.896709085 0.023603275 0.441990674 63.304904938 -0.000768708 0.998658776 -0.051771026 -5.020532608 -0.442619741 0.046083789 0.895524502 162.423202515
0.896536827 0.024049873 0.442315996 63.702545166 -0.001178499 0.998651087 -0.051910546 -5.065435410 -0.442967802 0.046018444 0.895355701 163.251129150
0.896581531 0.025760900 0.442128807 64.088676453 -0.002995250 0.998636723 -0.052112192 -5.112016678 -0.442868441 0.045398537 0.895436585 164.065216064
0.896536589 0.026105806 0.442199618 64.488929749 -0.002908053 0.998587132 -0.053056926 -5.151742458 -0.442959934 0.046281535 0.895346045 164.892868042
0.896825194 0.026168210 0.441610426 64.897956848 -0.003139125 0.998600245 -0.052798420 -5.191600800 -0.442373931 0.045964684 0.895652056 165.724807739
0.896965921 0.024432296 0.441423982 65.297409058 -0.002147580 0.998700798 -0.050913047 -5.234329224 -0.442094445 0.044719283 0.895853043 166.538787842
0.897193849 0.025644271 0.440891713 65.698806763 -0.003112028 0.998655081 -0.051753487 -5.277255535 -0.441625953 0.045060847 0.896066964 167.357376099
0.897047460 0.026677741 0.441128165 66.084564209 -0.003251993 0.998547733 -0.053775325 -5.324055195 -0.441922128 0.046804473 0.895831525 168.168823242
0.897532701 0.025050603 0.440235764 66.483642578 -0.000414404 0.998432398 -0.055968612 -5.360768318 -0.440947711 0.050051223 0.896136165 168.983779907
0.898275912 0.020779699 0.438940227 66.891220093 0.002637164 0.998608410 -0.052671600 -5.398676395 -0.439423859 0.048471183 0.896971166 169.800247192
0.898930728 0.017722331 0.437732339 67.290992737 0.004524777 0.998752594 -0.049728304 -5.438054085 -0.438067555 0.046682935 0.897729158 170.622283936
0.899842322 0.015151070 0.435952038 67.684730530 0.008216897 0.998630583 -0.051666766 -5.482096195 -0.436137855 0.050074115 0.898485661 171.433685303
0.900987804 0.012600299 0.433661371 68.092224121 0.013960699 0.998218417 -0.058008999 -5.525731087 -0.433619827 0.058319613 0.899206698 172.271835327
0.902146697 0.010976966 0.431289792 68.481994629 0.017101010 0.997980773 -0.061170980 -5.568405151 -0.431090415 0.062560685 0.900137365 173.085174561
0.903734624 0.008081764 0.428016961 68.878135681 0.020278217 0.997891247 -0.061658397 -5.612700462 -0.427612782 0.064402238 0.901664913 173.897552490
0.904915810 0.006545746 0.425540179 69.253173828 0.021405125 0.997916222 -0.060868368 -5.666281700 -0.425052017 0.064189479 0.902890086 174.730422974
0.906172097 0.006263044 0.422862828 69.629661560 0.022703227 0.997728109 -0.063429184 -5.718194962 -0.422299415 0.067078099 0.903971076 175.550933838
0.907807827 0.005964695 0.419344038 70.013290405 0.022715768 0.997731686 -0.063367330 -5.760117531 -0.418770820 0.067051075 0.905613124 176.374343872
0.909462690 0.004734098 0.415758491 70.390403748 0.022147613 0.997963905 -0.059810892 -5.809121132 -0.415195197 0.063603826 0.907506168 177.202590942
0.911343217 0.005130752 0.411615670 70.761436462 0.019488247 0.998263359 -0.055591471 -5.855367184 -0.411186010 0.058684569 0.909660459 178.038009644
0.913209140 0.005165027 0.407458514 71.118194580 0.018469471 0.998367429 -0.054049890 -5.902497292 -0.407072484 0.056884397 0.911622822 178.865615845
0.915480793 0.006716595 0.402305663 71.481010437 0.016131431 0.998444021 -0.053377729 -5.940610409 -0.402038217 0.055356044 0.913947999 179.697570801
0.917609930 0.006551446 0.397427917 71.831710815 0.015509937 0.998512447 -0.052270550 -5.982930660 -0.397179127 0.054128062 0.916143417 180.523483276
0.920129657 0.007018095 0.391551286 72.181221008 0.014529243 0.998539329 -0.052040778 -6.025883198 -0.391344488 0.053573202 0.918683529 181.358993530
0.922914684 0.008723935 0.384905547 72.524246216 0.012821403 0.998492301 -0.053373713 -6.064720154 -0.384790808 0.054194424 0.921411395 182.194229126
0.926163256 0.010881163 0.376965761 72.865676880 0.010496440 0.998452663 -0.054609038 -6.099555016 -0.376976699 0.054533690 0.924615920 183.046035767
0.929680586 0.012385570 0.368158430 73.188201904 0.008707623 0.998416424 -0.055577323 -6.141337872 -0.368263841 0.054874942 0.928100467 183.884582520
0.933177173 0.012579427 0.359196544 73.503952026 0.007909894 0.998426497 -0.055515476 -6.187598228 -0.359329671 0.054646980 0.931609333 184.727722168
0.936604261 0.013743964 0.350119263 73.821655273 0.006237156 0.998418093 -0.055878006 -6.227812767 -0.350333452 0.054519325 0.935036957 185.579101562
0.939929426 0.014418818 0.341064066 74.126655579 0.004848836 0.998442829 -0.055572920 -6.270460606 -0.341334313 0.053888384 0.938395977 186.437927246
0.943039060 0.015217251 0.332333833 74.432685852 0.003367891 0.998465419 -0.055275593 -6.314753056 -0.332665056 0.053246301 0.941540658 187.309112549
0.945818961 0.015634630 0.324318051 74.726615906 0.002348880 0.998484433 -0.054984745 -6.355635166 -0.324686289 0.052767396 0.944348693 188.171875000
0.948083341 0.016615521 0.317587912 75.001510620 0.000784858 0.998508930 -0.054582868 -6.399194241 -0.318021327 0.051998366 0.946656525 189.026031494
0.949949205 0.016551556 0.311965615 75.279129028 0.000379761 0.998533547 -0.054134302 -6.446620941 -0.312404156 0.051543310 0.948549867 189.890563965
0.951558053 0.017981004 0.306942850 75.548538208 -0.001102706 0.998481810 -0.055073459 -6.485299110 -0.307467103 0.052067142 0.950133145 190.753372192
0.953109741 0.018061426 0.302085727 75.823623657 -0.001599175 0.998504043 -0.054654066 -6.526679039 -0.302620947 0.051608231 0.951712787 191.627044678
0.954502344 0.018537534 0.297626734 76.087867737 -0.002465723 0.998522401 -0.054284800 -6.571291924 -0.298193276 0.051081099 0.953137696 192.491851807
0.955775082 0.017462282 0.293579698 76.346908569 -0.001611830 0.998531699 -0.054145753 -6.614315033 -0.294094145 0.051277962 0.954399884 193.363388062
0.957195401 0.017577380 0.288908243 76.605621338 -0.001896961 0.998513997 -0.054465376 -6.660300732 -0.289436251 0.051585957 0.955806255 194.232101440
0.958563805 0.017083699 0.284365147 76.869857788 -0.001722859 0.998529732 -0.054180734 -6.700514793 -0.284872591 0.051445760 0.957183838 195.121505737
0.959769487 0.016835878 0.280283928 77.120094299 -0.002074761 0.998598814 -0.052878492 -6.741327763 -0.280781478 0.050169647 0.958459496 196.011749268
0.961028159 0.017253799 0.275911391 77.360542297 -0.003273749 0.998690784 -0.051049151 -6.783894062 -0.276430964 0.048156403 0.959826529 196.888092041
0.962398708 0.015628539 0.271190733 77.612907410 -0.002456474 0.998803437 -0.048842877 -6.823005676 -0.271629483 0.046340149 0.961285591 197.785324097
0.963670313 0.014811915 0.266683787 77.854980469 -0.002406415 0.998902023 -0.046784505 -6.858748436 -0.267083913 0.044443075 0.962647915 198.671020508
0.964811444 0.014997249 0.262514651 78.082077026 -0.003289190 0.998982310 -0.044982415 -6.895709991 -0.262922108 0.042536076 0.963878930 199.547546387
